0.000000e+00 0.000000e+00
5.502323e-02 0.000000e+00
1.100465e-01 0.000000e+00
1.650697e-01 0.000000e+00
2.200929e-01 0.000000e+00
2.751161e-01 0.000000e+00
3.301394e-01 0.000000e+00
3.851626e-01 0.000000e+00
4.401858e-01 0.000000e+00
4.952091e-01 0.000000e+00
5.502323e-01 0.000000e+00
6.052555e-01 0.000000e+00
6.602788e-01 0.000000e+00
7.153020e-01 0.000000e+00
7.703252e-01 0.000000e+00
8.253484e-01 9.390000e+02
8.803717e-01 1.099600e+04
9.353949e-01 2.296900e+04
9.904181e-01 1.876400e+04
1.045441e+00 1.199600e+04
1.100465e+00 5.776000e+03
1.155488e+00 3.269000e+03
1.210511e+00 2.568000e+03
1.265534e+00 3.463000e+03
1.320558e+00 5.042000e+03
1.375581e+00 4.662000e+03
1.430604e+00 6.373000e+03
1.485627e+00 9.424000e+03
1.540650e+00 1.302700e+04
1.595674e+00 1.874500e+04
1.650697e+00 2.186000e+04
1.705720e+00 2.124700e+04
1.760743e+00 2.098300e+04
1.815767e+00 2.101100e+04
1.870790e+00 2.455900e+04
1.925813e+00 2.613200e+04
1.980836e+00 1.827800e+04
2.035860e+00 1.444100e+04
2.090883e+00 1.255200e+04
2.145906e+00 1.323900e+04
2.200929e+00 1.504300e+04
2.255952e+00 1.950600e+04
2.310976e+00 2.244000e+04
2.365999e+00 2.987200e+04
2.421022e+00 3.580100e+04
2.476045e+00 3.702100e+04
2.531069e+00 3.836500e+04
2.586092e+00 3.574900e+04
2.641115e+00 3.096800e+04
2.696138e+00 2.953800e+04
2.751162e+00 3.066600e+04
2.806185e+00 3.042900e+04
2.861208e+00 3.173400e+04
2.916231e+00 3.221300e+04
2.971254e+00 3.110900e+04
3.026278e+00 3.487400e+04
3.081301e+00 3.838000e+04
3.136324e+00 3.653200e+04
3.191347e+00 4.037800e+04
3.246371e+00 4.247800e+04
3.301394e+00 4.218200e+04
3.356417e+00 3.945800e+04
3.411440e+00 3.599100e+04
3.466464e+00 3.339300e+04
3.521487e+00 2.917700e+04
3.576510e+00 2.701600e+04
3.631533e+00 2.613200e+04
3.686556e+00 2.404900e+04
3.741580e+00 2.361500e+04
3.796603e+00 2.212100e+04
3.851626e+00 2.396900e+04
3.906649e+00 2.283000e+04
3.961673e+00 2.034100e+04
4.016696e+00 1.875200e+04
4.071719e+00 1.809600e+04
4.126742e+00 1.613200e+04
4.181766e+00 1.475300e+04
4.236789e+00 1.234700e+04
4.291812e+00 1.119200e+04
4.346835e+00 9.568000e+03
4.401858e+00 8.515000e+03
4.456882e+00 6.495000e+03
4.511905e+00 6.325000e+03
4.566928e+00 4.649000e+03
4.621952e+00 3.888000e+03
4.676975e+00 3.240000e+03
4.731998e+00 2.690000e+03
4.787021e+00 2.857000e+03
4.842044e+00 2.222000e+03
4.897068e+00 1.503000e+03
4.952091e+00 1.498000e+03
5.007114e+00 8.090000e+02
5.062137e+00 5.670000e+02
5.117160e+00 4.540000e+02
5.172184e+00 1.880000e+02
5.227207e+00 0.000000e+00
5.282230e+00 7.100000e+01
5.337254e+00 4.000000e+00
5.392277e+00 0.000000e+00
5.447300e+00 0.000000e+00
