-1.266586e+03 2.587462e+02
-1.266508e+03 2.586684e+02
-1.266275e+03 2.584356e+02
-1.265888e+03 2.580486e+02
-1.265348e+03 2.575078e+02
-1.264654e+03 2.568145e+02
-1.263809e+03 2.559691e+02
-1.262813e+03 2.549729e+02
-1.261667e+03 2.538268e+02
-1.260372e+03 2.525321e+02
-1.258930e+03 2.510902e+02
-1.257342e+03 2.495026e+02
-1.255610e+03 2.477711e+02
-1.253737e+03 2.458975e+02
-1.251723e+03 2.438840e+02
-1.249572e+03 2.417331e+02
-1.247286e+03 2.394474e+02
-1.244869e+03 2.370301e+02
-1.242323e+03 2.344843e+02
-1.239652e+03 2.318140e+02
-1.236861e+03 2.290231e+02
-1.233954e+03 2.261163e+02
-1.230936e+03 2.230984e+02
-1.227812e+03 2.199750e+02
-1.224589e+03 2.167520e+02
-1.221273e+03 2.134358e+02
-1.217870e+03 2.100333e+02
-1.214388e+03 2.065520e+02
-1.210835e+03 2.029996e+02
-1.207220e+03 1.993848e+02
-1.203551e+03 1.957163e+02
-1.199837e+03 1.920035e+02
-1.196089e+03 1.882562e+02
-1.192317e+03 1.844844e+02
-1.188531e+03 1.806988e+02
-1.184741e+03 1.769100e+02
-1.180960e+03 1.731290e+02
-1.177197e+03 1.693671e+02
-1.173465e+03 1.656354e+02
-1.169774e+03 1.619453e+02
-1.166136e+03 1.583079e+02
-1.162562e+03 1.547343e+02
-1.159062e+03 1.512354e+02
-1.155648e+03 1.478217e+02
-1.152329e+03 1.445033e+02
-1.149115e+03 1.412900e+02
-1.146016e+03 1.381910e+02
-1.143039e+03 1.352147e+02
-1.140193e+03 1.323690e+02
-1.137484e+03 1.296609e+02
-1.134920e+03 1.270969e+02
-1.132505e+03 1.246823e+02
-1.130244e+03 1.224216e+02
-1.128141e+03 1.203186e+02
-1.126198e+03 1.183757e+02
-1.124417e+03 1.165950e+02
-1.122799e+03 1.149770e+02
-1.121344e+03 1.135216e+02
-1.120050e+03 1.122279e+02
-1.118916e+03 1.110938e+02
-1.117939e+03 1.101165e+02
-1.117115e+03 1.092925e+02
-1.116441e+03 1.086176e+02
-1.115910e+03 1.080865e+02
-1.115518e+03 1.076939e+02
-1.115258e+03 1.074335e+02
-1.115124e+03 1.072988e+02
-1.115108e+03 1.072827e+02
-1.115204e+03 1.073781e+02
-1.115404e+03 1.075774e+02
-1.115700e+03 1.078730e+02
-1.116084e+03 1.082572e+02
-1.116550e+03 1.087221e+02
-1.117088e+03 1.092602e+02
-1.117692e+03 1.098637e+02
-1.118354e+03 1.105253e+02
-1.119067e+03 1.112376e+02
-1.119823e+03 1.119936e+02
-1.120617e+03 1.127865e+02
-1.121440e+03 1.136099e+02
-1.122288e+03 1.144576e+02
-1.123155e+03 1.153237e+02
-1.124034e+03 1.162027e+02
-1.124921e+03 1.170894e+02
-1.125811e+03 1.179791e+02
-1.126699e+03 1.188672e+02
-1.127582e+03 1.197495e+02
-1.128455e+03 1.206223e+02
-1.129315e+03 1.214822e+02
-1.130159e+03 1.223259e+02
-1.130983e+03 1.231505e+02
-1.131787e+03 1.239535e+02
-1.132566e+03 1.247328e+02
-1.133319e+03 1.254862e+02
-1.134045e+03 1.262121e+02
-1.134742e+03 1.269089e+02
-1.135409e+03 1.275755e+02
-1.136044e+03 1.282108e+02
-1.136647e+03 1.288139e+02
-1.137218e+03 1.293844e+02
