-1.266586e+03 2.587462e+02
-1.190230e+03 1.885395e+02
-1.102597e+03 1.121749e+02
-1.125907e+03 1.266609e+02
-1.131379e+03 1.346867e+02
-1.135812e+03 1.378347e+02
-1.129149e+03 1.335616e+02
-1.124382e+03 1.297338e+02
-1.118849e+03 1.253036e+02
-1.116270e+03 1.221507e+02
-1.111479e+03 1.178699e+02
-1.107177e+03 1.138227e+02
-1.103074e+03 1.095380e+02
-1.096299e+03 1.033654e+02
-1.091883e+03 9.855039e+01
-1.088354e+03 9.539075e+01
-1.087073e+03 9.385835e+01
-1.085014e+03 9.207486e+01
-1.084401e+03 9.124213e+01
-1.084479e+03 9.142518e+01
-1.086028e+03 9.275331e+01
-1.087438e+03 9.443755e+01
-1.090333e+03 9.715002e+01
-1.090589e+03 9.748466e+01
-1.089712e+03 9.670794e+01
-1.089757e+03 9.672132e+01
-1.091875e+03 9.901934e+01
-1.097151e+03 1.036901e+02
-1.097596e+03 1.043573e+02
-1.097432e+03 1.046210e+02
-1.103911e+03 1.106675e+02
-1.110590e+03 1.168783e+02
-1.111261e+03 1.181807e+02
-1.115569e+03 1.211672e+02
-1.111801e+03 1.181144e+02
-1.108705e+03 1.153793e+02
-1.111292e+03 1.163869e+02
-1.105283e+03 1.119429e+02
-1.110433e+03 1.157775e+02
-1.112182e+03 1.174721e+02
-1.107870e+03 1.135674e+02
-1.106898e+03 1.119382e+02
-1.103156e+03 1.103715e+02
-1.114184e+03 1.187413e+02
-1.117283e+03 1.229444e+02
-1.118210e+03 1.237960e+02
-1.115964e+03 1.208034e+02
-1.104011e+03 1.109860e+02
-1.103773e+03 1.105974e+02
-1.106730e+03 1.138616e+02
-1.112029e+03 1.181886e+02
-1.103491e+03 1.103630e+02
-1.098245e+03 1.065275e+02
-1.110538e+03 1.163791e+02
-1.110580e+03 1.179768e+02
-1.106725e+03 1.134528e+02
-1.100831e+03 1.078010e+02
-1.099385e+03 1.067690e+02
-1.101195e+03 1.082025e+02
-1.100591e+03 1.074675e+02
-1.097177e+03 1.043471e+02
-1.097855e+03 1.056311e+02
-1.103021e+03 1.094026e+02
-1.099891e+03 1.085531e+02
-1.108190e+03 1.147684e+02
-1.109762e+03 1.165657e+02
-1.105822e+03 1.134669e+02
-1.102759e+03 1.096193e+02
-1.096873e+03 1.044545e+02
-1.098182e+03 1.055647e+02
-1.103976e+03 1.114492e+02
-1.111244e+03 1.180175e+02
-1.107952e+03 1.154151e+02
-1.105254e+03 1.136225e+02
-1.112734e+03 1.198636e+02
-1.113063e+03 1.201003e+02
-1.107272e+03 1.150954e+02
-1.107260e+03 1.141187e+02
-1.104457e+03 1.121070e+02
-1.105665e+03 1.127869e+02
-1.107792e+03 1.146963e+02
-1.107237e+03 1.140506e+02
-1.102638e+03 1.094946e+02
-1.099825e+03 1.072599e+02
-1.105433e+03 1.118028e+02
-1.105241e+03 1.125723e+02
-1.108437e+03 1.146166e+02
-1.109035e+03 1.164368e+02
-1.113468e+03 1.200247e+02
-1.111796e+03 1.182460e+02
-1.102823e+03 1.108496e+02
-1.109911e+03 1.162017e+02
-1.111658e+03 1.183048e+02
-1.110956e+03 1.176708e+02
-1.108056e+03 1.148965e+02
-1.102570e+03 1.109573e+02
-1.111044e+03 1.170731e+02
-1.108968e+03 1.166848e+02
-1.110932e+03 1.185804e+02
-1.113016e+03 1.197489e+02
