-1.0847e+03 3.0782e+02 -7.7692e+02
-1.0766e+03 2.9973e+02 -7.7686e+02
-1.0696e+03 2.9273e+02 -7.7683e+02
-1.0641e+03 2.8728e+02 -7.7681e+02
-1.0603e+03 2.8338e+02 -7.7689e+02
-1.0568e+03 2.7982e+02 -7.7700e+02
-1.0520e+03 2.7495e+02 -7.7702e+02
-1.0451e+03 2.6810e+02 -7.7702e+02
-1.0364e+03 2.5942e+02 -7.7700e+02
-1.0266e+03 2.4969e+02 -7.7690e+02
-1.0177e+03 2.4096e+02 -7.7671e+02
-1.0126e+03 2.3586e+02 -7.7669e+02
-1.0111e+03 2.3418e+02 -7.7693e+02
-1.0100e+03 2.3297e+02 -7.7701e+02
-1.0074e+03 2.3039e+02 -7.7700e+02
-1.0030e+03 2.2602e+02 -7.7700e+02
-9.9683e+02 2.1983e+02 -7.7700e+02
-9.8906e+02 2.1212e+02 -7.7695e+02
-9.8068e+02 2.0379e+02 -7.7689e+02
-9.7290e+02 1.9609e+02 -7.7681e+02
-9.6683e+02 1.9003e+02 -7.7680e+02
-9.6296e+02 1.8617e+02 -7.7679e+02
-9.6122e+02 1.8435e+02 -7.7686e+02
-9.6033e+02 1.8333e+02 -7.7699e+02
-9.5832e+02 1.8128e+02 -7.7705e+02
-9.5438e+02 1.7738e+02 -7.7699e+02
-9.4945e+02 1.7259e+02 -7.7686e+02
-9.4551e+02 1.6874e+02 -7.7678e+02
-9.4390e+02 1.6710e+02 -7.7680e+02
-9.4408e+02 1.6714e+02 -7.7694e+02
-9.4396e+02 1.6695e+02 -7.7701e+02
-9.4210e+02 1.6509e+02 -7.7701e+02
-9.3833e+02 1.6136e+02 -7.7697e+02
-9.3332e+02 1.5642e+02 -7.7690e+02
-9.2828e+02 1.5149e+02 -7.7678e+02
-9.2483e+02 1.4811e+02 -7.7672e+02
-9.2412e+02 1.4739e+02 -7.7673e+02
-9.2594e+02 1.4910e+02 -7.7684e+02
-9.2860e+02 1.5164e+02 -7.7696e+02
-9.3029e+02 1.5330e+02 -7.7699e+02
-9.3037e+02 1.5342e+02 -7.7695e+02
-9.2925e+02 1.5232e+02 -7.7692e+02
-9.2746e+02 1.5056e+02 -7.7690e+02
-9.2532e+02 1.4843e+02 -7.7689e+02
-9.2313e+02 1.4627e+02 -7.7686e+02
-9.2133e+02 1.4448e+02 -7.7685e+02
-9.2013e+02 1.4327e+02 -7.7686e+02
-9.1939e+02 1.4251e+02 -7.7688e+02
-9.1870e+02 1.4181e+02 -7.7689e+02
-9.1786e+02 1.4100e+02 -7.7687e+02
-9.1718e+02 1.4036e+02 -7.7682e+02
-9.1717e+02 1.4036e+02 -7.7680e+02
-9.1800e+02 1.4118e+02 -7.7682e+02
-9.1931e+02 1.4246e+02 -7.7685e+02
-9.2051e+02 1.4362e+02 -7.7689e+02
-9.2100e+02 1.4409e+02 -7.7691e+02
-9.2046e+02 1.4355e+02 -7.7691e+02
-9.1882e+02 1.4193e+02 -7.7690e+02
-9.1636e+02 1.3950e+02 -7.7685e+02
-9.1363e+02 1.3681e+02 -7.7682e+02
-9.1126e+02 1.3447e+02 -7.7679e+02
-9.0972e+02 1.3293e+02 -7.7679e+02
-9.0916e+02 1.3236e+02 -7.7680e+02
-9.0952e+02 1.3272e+02 -7.7680e+02
-9.1069e+02 1.3387e+02 -7.7682e+02
-9.1239e+02 1.3555e+02 -7.7684e+02
-9.1418e+02 1.3731e+02 -7.7687e+02
-9.1566e+02 1.3878e+02 -7.7688e+02
-9.1666e+02 1.3978e+02 -7.7689e+02
-9.1712e+02 1.4022e+02 -7.7690e+02
-9.1687e+02 1.3994e+02 -7.7693e+02
-9.1565e+02 1.3871e+02 -7.7694e+02
-9.1371e+02 1.3686e+02 -7.7685e+02
-9.1234e+02 1.3550e+02 -7.7684e+02
-9.1191e+02 1.3497e+02 -7.7695e+02
