0.0000e+00 0.0000e+00
5.5111e-02 0.0000e+00
1.1022e-01 0.0000e+00
1.6533e-01 0.0000e+00
2.2044e-01 0.0000e+00
2.7555e-01 0.0000e+00
3.3066e-01 0.0000e+00
3.8577e-01 0.0000e+00
4.4089e-01 0.0000e+00
4.9600e-01 0.0000e+00
5.5111e-01 0.0000e+00
6.0622e-01 0.0000e+00
6.6133e-01 0.0000e+00
7.1644e-01 0.0000e+00
7.7155e-01 1.0000e+00
8.2666e-01 3.9600e+02
8.8177e-01 9.0590e+03
9.3688e-01 2.4770e+04
9.9199e-01 2.4117e+04
1.0471e+00 1.6467e+04
1.1022e+00 1.0793e+04
1.1573e+00 7.9380e+03
1.2124e+00 6.3810e+03
1.2675e+00 5.9490e+03
1.3227e+00 5.7410e+03
1.3778e+00 6.4790e+03
1.4329e+00 7.9310e+03
1.4880e+00 1.0291e+04
1.5431e+00 1.3922e+04
1.5982e+00 1.9184e+04
1.6533e+00 2.3731e+04
1.7084e+00 2.6553e+04
1.7635e+00 2.7409e+04
1.8187e+00 2.8732e+04
1.8738e+00 3.0483e+04
1.9289e+00 3.0776e+04
1.9840e+00 2.7712e+04
2.0391e+00 2.4202e+04
2.0942e+00 2.2432e+04
2.1493e+00 2.1767e+04
2.2044e+00 2.2257e+04
2.2595e+00 2.4479e+04
2.3146e+00 2.8623e+04
2.3698e+00 3.2558e+04
2.4249e+00 3.7351e+04
2.4800e+00 4.1708e+04
2.5351e+00 4.4621e+04
2.5902e+00 4.6595e+04
2.6453e+00 4.6685e+04
2.7004e+00 4.6642e+04
2.7555e+00 4.5400e+04
2.8106e+00 4.5309e+04
2.8658e+00 4.5178e+04
2.9209e+00 4.4803e+04
2.9760e+00 4.4416e+04
3.0311e+00 4.6365e+04
3.0862e+00 4.8009e+04
3.1413e+00 5.0254e+04
3.1964e+00 5.1520e+04
3.2515e+00 5.2673e+04
3.3066e+00 5.2461e+04
3.3618e+00 5.2800e+04
3.4169e+00 4.8875e+04
3.4720e+00 4.6272e+04
3.5271e+00 4.2824e+04
3.5822e+00 3.9971e+04
3.6373e+00 3.7960e+04
3.6924e+00 3.5559e+04
3.7475e+00 3.3846e+04
3.8026e+00 3.1921e+04
3.8577e+00 3.0446e+04
3.9129e+00 2.8941e+04
3.9680e+00 2.7314e+04
4.0231e+00 2.6417e+04
4.0782e+00 2.4473e+04
4.1333e+00 2.2814e+04
4.1884e+00 2.0427e+04
4.2435e+00 1.7704e+04
4.2986e+00 1.5193e+04
4.3537e+00 1.2849e+04
4.4089e+00 1.0963e+04
4.4640e+00 9.2670e+03
4.5191e+00 7.9580e+03
4.5742e+00 6.7890e+03
4.6293e+00 5.5940e+03
4.6844e+00 4.8970e+03
4.7395e+00 3.9140e+03
4.7946e+00 3.2720e+03
4.8497e+00 2.4680e+03
4.9049e+00 2.0050e+03
4.9600e+00 1.6480e+03
5.0151e+00 1.1020e+03
5.0702e+00 9.5600e+02
5.1253e+00 5.8900e+02
5.1804e+00 4.1100e+02
5.2355e+00 2.4200e+02
5.2906e+00 1.5000e+02
5.3457e+00 4.1000e+01
5.4008e+00 5.0000e+00
5.4560e+00 0.0000e+00
