0.0000e+00 0.0000e+00
5.5111e-02 0.0000e+00
1.1022e-01 0.0000e+00
1.6533e-01 0.0000e+00
2.2044e-01 0.0000e+00
2.7555e-01 0.0000e+00
3.3066e-01 0.0000e+00
3.8577e-01 0.0000e+00
4.4089e-01 0.0000e+00
4.9600e-01 0.0000e+00
5.5111e-01 0.0000e+00
6.0622e-01 0.0000e+00
6.6133e-01 0.0000e+00
7.1644e-01 0.0000e+00
7.7155e-01 0.0000e+00
8.2666e-01 0.0000e+00
8.8177e-01 1.0000e+00
9.3688e-01 1.0000e+00
9.9199e-01 1.0000e+00
1.0471e+00 1.0000e+00
1.1022e+00 1.0000e+00
1.1573e+00 1.0000e+00
1.2124e+00 1.0000e+00
1.2675e+00 1.0000e+00
1.3227e+00 1.0000e+00
1.3778e+00 1.0000e+00
1.4329e+00 1.0000e+00
1.4880e+00 1.0000e+00
1.5431e+00 1.0000e+00
1.5982e+00 1.0000e+00
1.6533e+00 1.0000e+00
1.7084e+00 1.0000e+00
1.7635e+00 1.0000e+00
1.8187e+00 1.0000e+00
1.8738e+00 1.0000e+00
1.9289e+00 1.0000e+00
1.9840e+00 1.0000e+00
2.0391e+00 1.0000e+00
2.0942e+00 1.0000e+00
2.1493e+00 1.0000e+00
2.2044e+00 1.0000e+00
2.2595e+00 1.0000e+00
2.3146e+00 1.0000e+00
2.3698e+00 1.0000e+00
2.4249e+00 1.0000e+00
2.4800e+00 1.0000e+00
2.5351e+00 1.0000e+00
2.5902e+00 1.0000e+00
2.6453e+00 1.0000e+00
2.7004e+00 1.0000e+00
2.7555e+00 1.0000e+00
2.8106e+00 1.0000e+00
2.8658e+00 1.0000e+00
2.9209e+00 1.0000e+00
2.9760e+00 1.0000e+00
3.0311e+00 1.0000e+00
3.0862e+00 1.0000e+00
3.1413e+00 1.0000e+00
3.1964e+00 1.0000e+00
3.2515e+00 1.0000e+00
3.3066e+00 1.0000e+00
3.3618e+00 1.0000e+00
3.4169e+00 1.0000e+00
3.4720e+00 1.0000e+00
3.5271e+00 1.0000e+00
3.5822e+00 1.0000e+00
3.6373e+00 1.0000e+00
3.6924e+00 1.0000e+00
3.7475e+00 1.0000e+00
3.8026e+00 1.0000e+00
3.8577e+00 1.0000e+00
3.9129e+00 1.0000e+00
3.9680e+00 1.0000e+00
4.0231e+00 1.0000e+00
4.0782e+00 1.0000e+00
4.1333e+00 1.0000e+00
4.1884e+00 1.0000e+00
4.2435e+00 1.0000e+00
4.2986e+00 1.0000e+00
4.3537e+00 1.0000e+00
4.4089e+00 1.0000e+00
4.4640e+00 1.0000e+00
4.5191e+00 1.0000e+00
4.5742e+00 1.0000e+00
4.6293e+00 1.0000e+00
4.6844e+00 1.0000e+00
4.7395e+00 1.0000e+00
4.7946e+00 1.0000e+00
4.8497e+00 1.0000e+00
4.9049e+00 1.0000e+00
4.9600e+00 1.0000e+00
5.0151e+00 1.0000e+00
5.0702e+00 1.0000e+00
5.1253e+00 1.0000e+00
5.1804e+00 1.0000e+00
5.2355e+00 1.0000e+00
5.2906e+00 1.0000e+00
5.3457e+00 1.0000e+00
5.4008e+00 1.0000e+00
5.4560e+00 0.0000e+00
