-1.260090e+03 2.972942e+02
-1.260009e+03 2.972132e+02
-1.259762e+03 2.969667e+02
-1.259350e+03 2.965546e+02
-1.258772e+03 2.959765e+02
-1.258028e+03 2.952328e+02
-1.257119e+03 2.943231e+02
-1.256043e+03 2.932478e+02
-1.254802e+03 2.920070e+02
-1.253397e+03 2.906013e+02
-1.251827e+03 2.890311e+02
-1.250093e+03 2.872974e+02
-1.248197e+03 2.854013e+02
-1.246140e+03 2.833442e+02
-1.243923e+03 2.811276e+02
-1.241549e+03 2.787536e+02
-1.239020e+03 2.762245e+02
-1.236338e+03 2.735431e+02
-1.233507e+03 2.707126e+02
-1.230531e+03 2.677367e+02
-1.227414e+03 2.646198e+02
-1.224161e+03 2.613668e+02
-1.220777e+03 2.579830e+02
-1.217268e+03 2.544747e+02
-1.213642e+03 2.508485e+02
-1.209905e+03 2.471121e+02
-1.206066e+03 2.432737e+02
-1.202134e+03 2.393424e+02
-1.198119e+03 2.353280e+02
-1.194031e+03 2.312407e+02
-1.189882e+03 2.270921e+02
-1.185683e+03 2.228940e+02
-1.181447e+03 2.186588e+02
-1.177188e+03 2.143999e+02
-1.172917e+03 2.101307e+02
-1.168651e+03 2.058656e+02
-1.164404e+03 2.016188e+02
-1.160189e+03 1.974051e+02
-1.156022e+03 1.932390e+02
-1.151918e+03 1.891353e+02
-1.147890e+03 1.851083e+02
-1.143953e+03 1.811722e+02
-1.140120e+03 1.773404e+02
-1.136405e+03 1.736260e+02
-1.132819e+03 1.700409e+02
-1.129374e+03 1.665964e+02
-1.126080e+03 1.633026e+02
-1.122945e+03 1.601684e+02
-1.119978e+03 1.572016e+02
-1.117185e+03 1.544087e+02
-1.114571e+03 1.517946e+02
-1.112139e+03 1.493631e+02
-1.109892e+03 1.471166e+02
-1.107832e+03 1.450559e+02
-1.105957e+03 1.431808e+02
-1.104266e+03 1.414900e+02
-1.102757e+03 1.399804e+02
-1.101425e+03 1.386486e+02
-1.100267e+03 1.374896e+02
-1.099276e+03 1.364980e+02
-1.098445e+03 1.356674e+02
-1.097769e+03 1.349909e+02
-1.097240e+03 1.344610e+02
-1.096849e+03 1.340698e+02
-1.096589e+03 1.338092e+02
-1.096451e+03 1.336709e+02
-1.096427e+03 1.336464e+02
-1.096509e+03 1.337274e+02
-1.096687e+03 1.339053e+02
-1.096955e+03 1.341721e+02
-1.097303e+03 1.345196e+02
-1.097724e+03 1.349402e+02
-1.098210e+03 1.354264e+02
-1.098755e+03 1.359710e+02
-1.099352e+03 1.365673e+02
-1.099994e+03 1.372088e+02
-1.100675e+03 1.378896e+02
-1.101390e+03 1.386041e+02
-1.102133e+03 1.393471e+02
-1.102900e+03 1.401139e+02
-1.103686e+03 1.408999e+02
-1.104487e+03 1.417010e+02
-1.105300e+03 1.425137e+02
-1.106121e+03 1.433344e+02
-1.106947e+03 1.441601e+02
-1.107775e+03 1.449877e+02
-1.108602e+03 1.458148e+02
-1.109426e+03 1.466389e+02
-1.110245e+03 1.474576e+02
-1.111056e+03 1.482689e+02
-1.111858e+03 1.490706e+02
-1.112648e+03 1.498608e+02
-1.113425e+03 1.506376e+02
-1.114187e+03 1.513990e+02
-1.114931e+03 1.521432e+02
-1.115656e+03 1.528682e+02
-1.116360e+03 1.535721e+02
-1.117041e+03 1.542531e+02
-1.117697e+03 1.549091e+02
-1.118327e+03 1.555384e+02
