0.000000e+00 0.000000e+00
5.502323e-02 0.000000e+00
1.100465e-01 0.000000e+00
1.650697e-01 0.000000e+00
2.200929e-01 0.000000e+00
2.751161e-01 0.000000e+00
3.301394e-01 0.000000e+00
3.851626e-01 0.000000e+00
4.401858e-01 0.000000e+00
4.952091e-01 0.000000e+00
5.502323e-01 0.000000e+00
6.052555e-01 0.000000e+00
6.602788e-01 0.000000e+00
7.153020e-01 0.000000e+00
7.703252e-01 1.000000e+00
8.253484e-01 2.750000e+02
8.803717e-01 6.248000e+03
9.353949e-01 1.799700e+04
9.904181e-01 1.810600e+04
1.045441e+00 1.274100e+04
1.100465e+00 8.622000e+03
1.155488e+00 6.137000e+03
1.210511e+00 4.751000e+03
1.265534e+00 4.531000e+03
1.320558e+00 4.422000e+03
1.375581e+00 4.819000e+03
1.430604e+00 5.890000e+03
1.485627e+00 7.524000e+03
1.540650e+00 1.036600e+04
1.595674e+00 1.387800e+04
1.650697e+00 1.752200e+04
1.705720e+00 1.943800e+04
1.760743e+00 2.044500e+04
1.815767e+00 2.126800e+04
1.870790e+00 2.268900e+04
1.925813e+00 2.298700e+04
1.980836e+00 2.166700e+04
2.035860e+00 1.933100e+04
2.090883e+00 1.731500e+04
2.145906e+00 1.610100e+04
2.200929e+00 1.652100e+04
2.255952e+00 1.820000e+04
2.310976e+00 2.067700e+04
2.365999e+00 2.333200e+04
2.421022e+00 2.690400e+04
2.476045e+00 3.062100e+04
2.531069e+00 3.371800e+04
2.586092e+00 3.524700e+04
2.641115e+00 3.503500e+04
2.696138e+00 3.452000e+04
2.751162e+00 3.460500e+04
2.806185e+00 3.394600e+04
2.861208e+00 3.412100e+04
2.916231e+00 3.418200e+04
2.971254e+00 3.494700e+04
3.026278e+00 3.471500e+04
3.081301e+00 3.524000e+04
3.136324e+00 3.648900e+04
3.191347e+00 3.745500e+04
3.246371e+00 3.792600e+04
3.301394e+00 3.808800e+04
3.356417e+00 3.746300e+04
3.411440e+00 3.666000e+04
3.466464e+00 3.584600e+04
3.521487e+00 3.315800e+04
3.576510e+00 3.132400e+04
3.631533e+00 2.929100e+04
3.686556e+00 2.720400e+04
3.741580e+00 2.524400e+04
3.796603e+00 2.442000e+04
3.851626e+00 2.337400e+04
3.906649e+00 2.133900e+04
3.961673e+00 2.023200e+04
4.016696e+00 1.921600e+04
4.071719e+00 1.808800e+04
4.126742e+00 1.702800e+04
4.181766e+00 1.551200e+04
4.236789e+00 1.387500e+04
4.291812e+00 1.228500e+04
4.346835e+00 1.050200e+04
4.401858e+00 8.932000e+03
4.456882e+00 7.058000e+03
4.511905e+00 6.049000e+03
4.566928e+00 5.116000e+03
4.621952e+00 4.147000e+03
4.676975e+00 3.583000e+03
4.731998e+00 2.927000e+03
4.787021e+00 2.608000e+03
4.842044e+00 2.456000e+03
4.897068e+00 1.803000e+03
4.952091e+00 1.320000e+03
5.007114e+00 1.037000e+03
5.062137e+00 8.110000e+02
5.117160e+00 5.100000e+02
5.172184e+00 3.050000e+02
5.227207e+00 1.530000e+02
5.282230e+00 5.500000e+01
5.337254e+00 8.000000e+00
5.392277e+00 1.000000e+00
5.447300e+00 0.000000e+00
