0.000000e+00 0.000000e+00
5.502323e-02 0.000000e+00
1.100465e-01 0.000000e+00
1.650697e-01 0.000000e+00
2.200929e-01 0.000000e+00
2.751161e-01 0.000000e+00
3.301394e-01 0.000000e+00
3.851626e-01 0.000000e+00
4.401858e-01 0.000000e+00
4.952091e-01 0.000000e+00
5.502323e-01 0.000000e+00
6.052555e-01 0.000000e+00
6.602788e-01 0.000000e+00
7.153020e-01 0.000000e+00
7.703252e-01 0.000000e+00
8.253484e-01 1.322000e+03
8.803717e-01 1.153400e+04
9.353949e-01 2.129300e+04
9.904181e-01 1.986800e+04
1.045441e+00 1.116800e+04
1.100465e+00 5.932000e+03
1.155488e+00 3.622000e+03
1.210511e+00 3.294000e+03
1.265534e+00 3.009000e+03
1.320558e+00 4.705000e+03
1.375581e+00 5.335000e+03
1.430604e+00 6.307000e+03
1.485627e+00 8.336000e+03
1.540650e+00 1.249100e+04
1.595674e+00 1.893800e+04
1.650697e+00 2.177100e+04
1.705720e+00 2.256200e+04
1.760743e+00 2.159000e+04
1.815767e+00 2.201700e+04
1.870790e+00 2.319300e+04
1.925813e+00 2.331200e+04
1.980836e+00 1.894700e+04
2.035860e+00 1.640600e+04
2.090883e+00 1.300400e+04
2.145906e+00 1.362600e+04
2.200929e+00 1.467600e+04
2.255952e+00 1.946500e+04
2.310976e+00 2.168900e+04
2.365999e+00 2.642600e+04
2.421022e+00 3.485100e+04
2.476045e+00 3.773100e+04
2.531069e+00 3.793700e+04
2.586092e+00 3.800700e+04
2.641115e+00 3.338900e+04
2.696138e+00 3.127500e+04
2.751162e+00 3.187600e+04
2.806185e+00 3.085300e+04
2.861208e+00 3.041600e+04
2.916231e+00 3.134000e+04
2.971254e+00 3.104800e+04
3.026278e+00 3.370600e+04
3.081301e+00 3.533700e+04
3.136324e+00 3.818000e+04
3.191347e+00 4.233900e+04
3.246371e+00 4.322400e+04
3.301394e+00 4.289600e+04
3.356417e+00 3.965700e+04
3.411440e+00 3.902900e+04
3.466464e+00 3.378000e+04
3.521487e+00 2.989200e+04
3.576510e+00 2.696000e+04
3.631533e+00 2.494400e+04
3.686556e+00 2.328300e+04
3.741580e+00 2.379200e+04
3.796603e+00 2.245700e+04
3.851626e+00 2.276900e+04
3.906649e+00 2.209300e+04
3.961673e+00 2.022400e+04
4.016696e+00 2.019500e+04
4.071719e+00 1.769000e+04
4.126742e+00 1.664600e+04
4.181766e+00 1.454400e+04
4.236789e+00 1.154000e+04
4.291812e+00 1.058300e+04
4.346835e+00 7.939000e+03
4.401858e+00 7.821000e+03
4.456882e+00 6.528000e+03
4.511905e+00 5.413000e+03
4.566928e+00 4.677000e+03
4.621952e+00 4.913000e+03
4.676975e+00 3.880000e+03
4.731998e+00 3.076000e+03
4.787021e+00 1.986000e+03
4.842044e+00 1.189000e+03
4.897068e+00 1.275000e+03
4.952091e+00 8.770000e+02
5.007114e+00 4.700000e+02
5.062137e+00 5.440000e+02
5.117160e+00 6.290000e+02
5.172184e+00 3.020000e+02
5.227207e+00 4.860000e+02
5.282230e+00 1.560000e+02
5.337254e+00 1.800000e+01
5.392277e+00 0.000000e+00
5.447300e+00 0.000000e+00
