64   1   3.37073e+06   534129   3049.82   218.716
64   10   911110   91473.7   2502   155.036
64   100   138155   7945.44   1017.88   48.7354
64   1000   365.906   12.3632   3.25575   0.113623
64   10000   8.70717e-09   1.22236e-09   1.2484   0.056153
64   100000   8.70717e-09   1.22236e-09   1.2484   0.056153
64   1000000   8.70717e-09   1.22236e-09   1.2484   0.056153
64   10000000   8.70717e-09   1.22236e-09   1.2484   0.056153
128   1   1.9295e+07   2.16252e+06   6467.64   242.354
128   10   5.18481e+06   373152   5914.77   200.723
128   100   979665   40528.2   4147.13   117.29
128   1000   78178.2   1796.65   721.851   14.9296
128   10000   0.201666   0.0031769   0.618332   0.0138353
128   100000   5.30626e-08   3.72529e-09   0.619784   0.0138502
128   1000000   5.30626e-08   3.72529e-09   0.619784   0.0138502
128   10000000   5.30626e-08   3.72529e-09   0.619784   0.0138502
256   1   1.09982e+08   8.7086e+06   13303.6   254.827
256   10   2.94136e+07   1.50279e+06   12751.9   229.24
256   100   5.60637e+06   167334   10921.3   174.25
256   1000   924666   15023.1   5748.96   72.8119
256   10000   14448.1   133.794   153.858   1.35494
256   100000   4.27865e-07   2.23517e-08   0.308737   0.00343651
256   1000000   4.27865e-07   2.23517e-08   0.308737   0.00343651
256   10000000   4.27865e-07   2.23517e-08   0.308737   0.00343651
512   1   6.24842e+08   3.49606e+07   26975.4   261.23
512   10   1.66839e+08   6.0315e+06   26425.3   246.682
512   100   3.15448e+07   671537   24590.1   212.777
512   1000   5.72649e+06   67273.7   18859.2   139.221
512   10000   674778   4335.93   5578.26   30.9843
512   100000   157.488   0.624107   1.66918   0.00671888
512   1000000   4.214e-06   1.04308e-07   0.154074   0.000855833
512   10000000   4.214e-06   1.04308e-07   0.154074   0.000855833
