64   1   3.37073e+06   534129   3049.82   218.716
64   10   911110   91473.8   2502   155.036
64   100   138155   7945.64   1017.88   48.7355
64   1000   365.924   12.3795   3.25677   0.113649
64   10000   2.16946   0.35257   1.2403   0.0557861
64   100000   2.16946   0.35257   1.2403   0.0557861
64   1000000   2.16946   0.35257   1.2403   0.0557861
64   10000000   2.16946   0.35257   1.2403   0.0557861
128   1   1.9295e+07   2.16252e+06   6467.64   242.354
128   10   5.1848e+06   373152   5914.78   200.723
128   100   979662   40528.2   4147.13   117.29
128   1000   78175.9   1796.89   721.889   14.9303
128   10000   17.9853   1.378   0.491349   0.0109863
128   100000   17.9853   1.378   0.491349   0.0109863
128   1000000   17.9853   1.378   0.491349   0.0109863
128   10000000   17.9853   1.378   0.491349   0.0109863
256   1   1.09982e+08   8.7086e+06   13303.6   254.827
256   10   2.94136e+07   1.50279e+06   12751.9   229.24
256   100   5.60635e+06   167336   10921.3   174.25
256   1000   924648   15025.7   5749   72.8125
256   10000   14451.5   137.171   154.194   1.35757
256   100000   145.315   6.88495   0.534529   0.00603485
256   1000000   145.315   6.88495   0.534529   0.00603485
256   10000000   145.315   6.88495   0.534529   0.00603485
512   1   6.24842e+08   3.49606e+07   26975.3   261.23
512   10   1.66839e+08   6.03151e+06   26425.3   246.682
512   100   3.15448e+07   671530   24590   212.777
512   1000   5.72636e+06   67269.4   18859.2   139.222
512   10000   674644   4364.93   5579.2   30.9899
512   100000   1183.47   31.6096   6.5944   0.0349579
512   1000000   1163.37   30.8868   6.28159   0.0347748
512   10000000   1163.37   30.8868   6.28159   0.0347748
