-1.2713e+03 2.6639e+02 -1.0049e+03
-1.2713e+03 2.6639e+02 -1.0049e+03
-1.2713e+03 2.6639e+02 -1.0049e+03
-1.2713e+03 2.6638e+02 -1.0049e+03
-1.2713e+03 2.6638e+02 -1.0049e+03
-1.2712e+03 2.6637e+02 -1.0049e+03
-1.2712e+03 2.6636e+02 -1.0049e+03
-1.2712e+03 2.6635e+02 -1.0049e+03
-1.2712e+03 2.6634e+02 -1.0049e+03
-1.2712e+03 2.6633e+02 -1.0049e+03
-1.2712e+03 2.6631e+02 -1.0049e+03
-1.2712e+03 2.6630e+02 -1.0049e+03
-1.2712e+03 2.6628e+02 -1.0049e+03
-1.2711e+03 2.6626e+02 -1.0049e+03
-1.2711e+03 2.6624e+02 -1.0049e+03
-1.2711e+03 2.6622e+02 -1.0049e+03
-1.2711e+03 2.6620e+02 -1.0049e+03
-1.2711e+03 2.6618e+02 -1.0049e+03
-1.2710e+03 2.6615e+02 -1.0049e+03
-1.2710e+03 2.6613e+02 -1.0049e+03
-1.2710e+03 2.6610e+02 -1.0049e+03
-1.2709e+03 2.6607e+02 -1.0049e+03
-1.2709e+03 2.6604e+02 -1.0049e+03
-1.2709e+03 2.6600e+02 -1.0049e+03
-1.2708e+03 2.6597e+02 -1.0049e+03
-1.2708e+03 2.6593e+02 -1.0049e+03
-1.2708e+03 2.6590e+02 -1.0049e+03
-1.2707e+03 2.6586e+02 -1.0049e+03
-1.2707e+03 2.6582e+02 -1.0049e+03
-1.2707e+03 2.6578e+02 -1.0049e+03
-1.2706e+03 2.6574e+02 -1.0049e+03
-1.2706e+03 2.6569e+02 -1.0049e+03
-1.2705e+03 2.6565e+02 -1.0049e+03
-1.2705e+03 2.6560e+02 -1.0049e+03
-1.2704e+03 2.6555e+02 -1.0049e+03
-1.2704e+03 2.6550e+02 -1.0049e+03
-1.2703e+03 2.6545e+02 -1.0049e+03
-1.2703e+03 2.6540e+02 -1.0049e+03
-1.2702e+03 2.6534e+02 -1.0049e+03
-1.2702e+03 2.6529e+02 -1.0049e+03
-1.2701e+03 2.6523e+02 -1.0049e+03
-1.2700e+03 2.6517e+02 -1.0049e+03
-1.2700e+03 2.6511e+02 -1.0049e+03
-1.2699e+03 2.6505e+02 -1.0049e+03
-1.2699e+03 2.6499e+02 -1.0049e+03
-1.2698e+03 2.6493e+02 -1.0049e+03
-1.2697e+03 2.6486e+02 -1.0049e+03
-1.2697e+03 2.6479e+02 -1.0049e+03
-1.2696e+03 2.6473e+02 -1.0049e+03
-1.2695e+03 2.6466e+02 -1.0049e+03
-1.2695e+03 2.6458e+02 -1.0049e+03
-1.2694e+03 2.6451e+02 -1.0049e+03
-1.2693e+03 2.6444e+02 -1.0049e+03
-1.2692e+03 2.6436e+02 -1.0049e+03
-1.2692e+03 2.6428e+02 -1.0049e+03
-1.2691e+03 2.6421e+02 -1.0049e+03
-1.2690e+03 2.6413e+02 -1.0049e+03
-1.2689e+03 2.6404e+02 -1.0049e+03
-1.2688e+03 2.6396e+02 -1.0049e+03
-1.2688e+03 2.6388e+02 -1.0049e+03
-1.2687e+03 2.6379e+02 -1.0049e+03
-1.2686e+03 2.6371e+02 -1.0049e+03
-1.2685e+03 2.6362e+02 -1.0049e+03
-1.2684e+03 2.6353e+02 -1.0049e+03
-1.2683e+03 2.6344e+02 -1.0049e+03
-1.2682e+03 2.6334e+02 -1.0049e+03
-1.2681e+03 2.6325e+02 -1.0049e+03
-1.2680e+03 2.6315e+02 -1.0049e+03
-1.2679e+03 2.6306e+02 -1.0049e+03
-1.2678e+03 2.6296e+02 -1.0049e+03
-1.2677e+03 2.6286e+02 -1.0049e+03
-1.2676e+03 2.6276e+02 -1.0049e+03
-1.2675e+03 2.6265e+02 -1.0049e+03
-1.2674e+03 2.6255e+02 -1.0049e+03
-1.2673e+03 2.6244e+02 -1.0049e+03
-1.2672e+03 2.6234e+02 -1.0049e+03
-1.2671e+03 2.6223e+02 -1.0049e+03
-1.2670e+03 2.6212e+02 -1.0049e+03
-1.2669e+03 2.6201e+02 -1.0049e+03
-1.2668e+03 2.6190e+02 -1.0049e+03
-1.2667e+03 2.6178e+02 -1.0049e+03
-1.2665e+03 2.6166e+02 -1.0049e+03
-1.2664e+03 2.6155e+02 -1.0049e+03
-1.2663e+03 2.6143e+02 -1.0049e+03
-1.2662e+03 2.6131e+02 -1.0049e+03
-1.2661e+03 2.6119e+02 -1.0049e+03
-1.2659e+03 2.6107e+02 -1.0049e+03
-1.2658e+03 2.6094e+02 -1.0049e+03
-1.2657e+03 2.6082e+02 -1.0049e+03
-1.2656e+03 2.6069e+02 -1.0049e+03
-1.2654e+03 2.6056e+02 -1.0049e+03
-1.2653e+03 2.6043e+02 -1.0049e+03
-1.2652e+03 2.6030e+02 -1.0049e+03
-1.2650e+03 2.6017e+02 -1.0049e+03
-1.2649e+03 2.6003e+02 -1.0049e+03
-1.2648e+03 2.5990e+02 -1.0049e+03
-1.2646e+03 2.5976e+02 -1.0049e+03
-1.2645e+03 2.5962e+02 -1.0049e+03
-1.2644e+03 2.5949e+02 -1.0049e+03
-1.2642e+03 2.5934e+02 -1.0049e+03
