0.0000e+00 6.6114e+01
5.5023e-02 3.9721e-03
1.1005e-01 7.9264e-03
1.6507e-01 2.9606e-03
2.2009e-01 3.1149e-02
2.7512e-01 3.1077e-03
3.3014e-01 9.7446e-03
3.8516e-01 3.9032e-03
4.4019e-01 1.4802e-03
4.9521e-01 1.2237e-01
5.5023e-01 6.0346e-03
6.0526e-01 9.4751e-03
6.6028e-01 6.2173e-03
7.1530e-01 3.4091e-02
7.7033e-01 5.7263e-03
8.2535e-01 1.1642e-02
8.8037e-01 4.0515e-03
9.3539e-01 4.0415e-03
9.9042e-01 5.0792e-01
1.0454e+00 6.1547e-03
1.1005e+00 3.3389e-02
1.1555e+00 9.6609e-03
1.2105e+00 4.3801e-02
1.2655e+00 7.7785e-03
1.3206e+00 1.7588e-02
1.3756e+00 3.7429e-02
1.4306e+00 1.1533e-02
1.4856e+00 1.3843e-01
1.5407e+00 1.8837e-02
1.5957e+00 2.4730e-02
1.6507e+00 1.6390e-02
1.7057e+00 4.8955e-02
1.7607e+00 3.1563e-02
1.8158e+00 1.2579e-02
1.8708e+00 2.4851e-02
1.9258e+00 1.4862e-02
1.9808e+00 1.5590e+00
2.0359e+00 6.8458e-02
2.0909e+00 4.5162e-02
2.1459e+00 2.6276e-02
2.2009e+00 2.0577e-01
2.2560e+00 4.2824e-02
2.3110e+00 4.0440e-02
2.3660e+00 2.9715e-02
2.4210e+00 5.3371e-02
2.4760e+00 2.0185e-01
2.5311e+00 4.2859e-02
2.5861e+00 3.0976e-02
2.6411e+00 7.4214e-02
2.6961e+00 6.5299e-02
2.7512e+00 2.9113e-02
2.8062e+00 2.3499e-01
2.8612e+00 6.0143e-02
2.9162e+00 4.3946e-02
2.9713e+00 3.9207e-01
3.0263e+00 4.8295e-02
3.0813e+00 5.6133e-02
3.1363e+00 7.0454e-02
3.1913e+00 1.0210e-01
3.2464e+00 5.2415e-02
3.3014e+00 6.4807e-02
3.3564e+00 5.3670e-02
3.4114e+00 7.0520e-02
3.4665e+00 5.4167e-02
3.5215e+00 4.1227e-02
3.5765e+00 1.2170e-01
3.6315e+00 4.6890e-02
3.6866e+00 2.8289e-02
3.7416e+00 7.5741e-02
3.7966e+00 3.1138e-02
3.8516e+00 4.1616e-02
3.9066e+00 2.9925e-02
3.9617e+00 2.0170e+00
4.0167e+00 8.3712e-02
4.0717e+00 1.7242e-01
4.1267e+00 2.8204e-02
4.1818e+00 3.6114e-02
4.2368e+00 7.3093e-02
4.2918e+00 2.5056e-02
4.3468e+00 4.0062e-02
4.4019e+00 1.5268e-02
4.4569e+00 3.9878e-01
4.5119e+00 2.1482e-02
4.5669e+00 7.2892e-02
4.6220e+00 1.4867e-02
4.6770e+00 6.4758e-02
4.7320e+00 1.2708e-02
4.7870e+00 1.5504e-02
4.8420e+00 1.6591e-02
4.8971e+00 7.8350e-02
4.9521e+00 8.3662e-02
5.0071e+00 1.1836e-02
5.0621e+00 1.7599e-02
5.1172e+00 1.8656e-02
5.1722e+00 7.9737e-03
5.2272e+00 5.4313e-03
5.2822e+00 7.5317e-03
5.3373e+00 3.0615e-02
5.3923e+00 1.9263e-03
5.4473e+00 3.5529e-03
