0.0000e+00 0.0000e+00
5.5111e-02 0.0000e+00
1.1022e-01 0.0000e+00
1.6533e-01 0.0000e+00
2.2044e-01 0.0000e+00
2.7555e-01 0.0000e+00
3.3066e-01 0.0000e+00
3.8577e-01 0.0000e+00
4.4089e-01 0.0000e+00
4.9600e-01 0.0000e+00
5.5111e-01 0.0000e+00
6.0622e-01 0.0000e+00
6.6133e-01 0.0000e+00
7.1644e-01 0.0000e+00
7.7155e-01 0.0000e+00
8.2666e-01 0.0000e+00
8.8177e-01 3.0000e+01
9.3688e-01 1.4350e+03
9.9199e-01 6.6670e+03
1.0471e+00 1.1689e+04
1.1022e+00 1.3391e+04
1.1573e+00 1.2076e+04
1.2124e+00 1.0478e+04
1.2675e+00 9.2610e+03
1.3227e+00 7.7180e+03
1.3778e+00 7.2170e+03
1.4329e+00 6.5570e+03
1.4880e+00 6.0080e+03
1.5431e+00 5.8770e+03
1.5982e+00 6.5440e+03
1.6533e+00 7.3380e+03
1.7084e+00 8.4160e+03
1.7635e+00 1.0452e+04
1.8187e+00 1.2627e+04
1.8738e+00 1.5174e+04
1.9289e+00 1.8131e+04
1.9840e+00 2.0126e+04
2.0391e+00 2.3014e+04
2.0942e+00 2.4831e+04
2.1493e+00 2.4599e+04
2.2044e+00 2.3850e+04
2.2595e+00 2.3266e+04
2.3146e+00 2.3340e+04
2.3698e+00 2.2617e+04
2.4249e+00 2.2839e+04
2.4800e+00 2.2915e+04
2.5351e+00 2.3450e+04
2.5902e+00 2.3440e+04
2.6453e+00 2.5420e+04
2.7004e+00 2.7573e+04
2.7555e+00 2.9837e+04
2.8106e+00 3.3595e+04
2.8658e+00 3.5486e+04
2.9209e+00 3.8250e+04
2.9760e+00 4.1187e+04
3.0311e+00 4.3703e+04
3.0862e+00 4.4509e+04
3.1413e+00 4.4420e+04
3.1964e+00 4.2222e+04
3.2515e+00 4.1010e+04
3.3066e+00 3.7775e+04
3.3618e+00 3.6424e+04
3.4169e+00 3.4201e+04
3.4720e+00 3.3200e+04
3.5271e+00 3.0598e+04
3.5822e+00 3.0676e+04
3.6373e+00 3.0762e+04
3.6924e+00 2.9993e+04
3.7475e+00 2.9560e+04
3.8026e+00 2.8191e+04
3.8577e+00 2.8117e+04
3.9129e+00 2.7349e+04
3.9680e+00 2.5617e+04
4.0231e+00 2.4151e+04
4.0782e+00 2.2586e+04
4.1333e+00 2.1130e+04
4.1884e+00 1.8185e+04
4.2435e+00 1.5941e+04
4.2986e+00 1.3385e+04
4.3537e+00 1.1953e+04
4.4089e+00 1.0260e+04
4.4640e+00 9.1390e+03
4.5191e+00 7.4530e+03
4.5742e+00 6.2800e+03
4.6293e+00 5.2510e+03
4.6844e+00 4.4760e+03
4.7395e+00 3.8550e+03
4.7946e+00 3.1500e+03
4.8497e+00 2.5050e+03
4.9049e+00 2.1670e+03
4.9600e+00 1.6870e+03
5.0151e+00 1.3150e+03
5.0702e+00 1.0090e+03
5.1253e+00 7.1000e+02
5.1804e+00 4.6400e+02
5.2355e+00 2.6700e+02
5.2906e+00 1.1900e+02
5.3457e+00 1.4000e+01
5.4008e+00 0.0000e+00
5.4560e+00 0.0000e+00
