0.0000e+00 0.0000e+00
5.5023e-02 0.0000e+00
1.1005e-01 0.0000e+00
1.6507e-01 0.0000e+00
2.2009e-01 0.0000e+00
2.7512e-01 0.0000e+00
3.3014e-01 0.0000e+00
3.8516e-01 0.0000e+00
4.4019e-01 0.0000e+00
4.9521e-01 0.0000e+00
5.5023e-01 0.0000e+00
6.0526e-01 0.0000e+00
6.6028e-01 0.0000e+00
7.1530e-01 0.0000e+00
7.7033e-01 1.0000e+00
8.2535e-01 2.7500e+02
8.8037e-01 6.2480e+03
9.3539e-01 1.7995e+04
9.9042e-01 1.8107e+04
1.0454e+00 1.2739e+04
1.1005e+00 8.6250e+03
1.1555e+00 6.1340e+03
1.2105e+00 4.7570e+03
1.2655e+00 4.5320e+03
1.3206e+00 4.4190e+03
1.3756e+00 4.8170e+03
1.4306e+00 5.8920e+03
1.4856e+00 7.5230e+03
1.5407e+00 1.0372e+04
1.5957e+00 1.3879e+04
1.6507e+00 1.7505e+04
1.7057e+00 1.9441e+04
1.7607e+00 2.0454e+04
1.8158e+00 2.1255e+04
1.8708e+00 2.2704e+04
1.9258e+00 2.2986e+04
1.9808e+00 2.1666e+04
2.0359e+00 1.9331e+04
2.0909e+00 1.7311e+04
2.1459e+00 1.6097e+04
2.2009e+00 1.6532e+04
2.2560e+00 1.8186e+04
2.3110e+00 2.0701e+04
2.3660e+00 2.3315e+04
2.4210e+00 2.6897e+04
2.4760e+00 3.0625e+04
2.5311e+00 3.3720e+04
2.5861e+00 3.5231e+04
2.6411e+00 3.5069e+04
2.6961e+00 3.4512e+04
2.7512e+00 3.4598e+04
2.8062e+00 3.3954e+04
2.8612e+00 3.4122e+04
2.9162e+00 3.4178e+04
2.9713e+00 3.4940e+04
3.0263e+00 3.4706e+04
3.0813e+00 3.5248e+04
3.1363e+00 3.6478e+04
3.1913e+00 3.7471e+04
3.2464e+00 3.7916e+04
3.3014e+00 3.8097e+04
3.3564e+00 3.7465e+04
3.4114e+00 3.6650e+04
3.4665e+00 3.5860e+04
3.5215e+00 3.3144e+04
3.5765e+00 3.1321e+04
3.6315e+00 2.9299e+04
3.6866e+00 2.7199e+04
3.7416e+00 2.5266e+04
3.7966e+00 2.4407e+04
3.8516e+00 2.3366e+04
3.9066e+00 2.1340e+04
3.9617e+00 2.0243e+04
4.0167e+00 1.9214e+04
4.0717e+00 1.8089e+04
4.1267e+00 1.7035e+04
4.1818e+00 1.5498e+04
4.2368e+00 1.3880e+04
4.2918e+00 1.2283e+04
4.3468e+00 1.0502e+04
4.4019e+00 8.9300e+03
4.4569e+00 7.0580e+03
4.5119e+00 6.0530e+03
4.5669e+00 5.1130e+03
4.6220e+00 4.1500e+03
4.6770e+00 3.5810e+03
4.7320e+00 2.9260e+03
4.7870e+00 2.6090e+03
4.8420e+00 2.4530e+03
4.8971e+00 1.8060e+03
4.9521e+00 1.3190e+03
5.0071e+00 1.0360e+03
5.0621e+00 8.1100e+02
5.1172e+00 5.1100e+02
5.1722e+00 3.0400e+02
5.2272e+00 1.5400e+02
5.2822e+00 5.5000e+01
5.3373e+00 8.0000e+00
5.3923e+00 1.0000e+00
5.4473e+00 0.0000e+00
