0.0000e+00 6.1930e+01
5.5023e-02 4.0949e-03
1.1005e-01 1.0121e-02
1.6507e-01 4.3643e-03
2.2009e-01 3.4817e-02
2.7512e-01 4.8485e-03
3.3014e-01 1.0081e-02
3.8516e-01 4.3836e-03
4.4019e-01 1.6851e-03
4.9521e-01 1.4756e-01
5.5023e-01 8.5273e-03
6.0526e-01 1.2309e-02
6.6028e-01 9.4722e-03
7.1530e-01 4.4506e-02
7.7033e-01 7.9685e-03
8.2535e-01 1.5014e-02
8.8037e-01 6.9490e-03
9.3539e-01 7.8193e-03
9.9042e-01 5.9960e-01
1.0454e+00 1.2599e-02
1.1005e+00 4.6932e-02
1.1555e+00 1.1072e-02
1.2105e+00 5.8414e-02
1.2655e+00 1.3470e-02
1.3206e+00 2.5492e-02
1.3756e+00 5.5521e-02
1.4306e+00 1.9041e-02
1.4856e+00 1.6979e-01
1.5407e+00 2.5414e-02
1.5957e+00 3.7862e-02
1.6507e+00 2.8805e-02
1.7057e+00 5.9774e-02
1.7607e+00 5.0199e-02
1.8158e+00 2.6577e-02
1.8708e+00 4.3622e-02
1.9258e+00 2.5313e-02
1.9808e+00 1.9559e+00
2.0359e+00 1.0812e-01
2.0909e+00 7.0868e-02
2.1459e+00 4.5501e-02
2.2009e+00 3.2492e-01
2.2560e+00 7.8834e-02
2.3110e+00 6.7071e-02
2.3660e+00 4.6440e-02
2.4210e+00 9.4473e-02
2.4760e+00 2.5733e-01
2.5311e+00 7.7052e-02
2.5861e+00 5.7393e-02
2.6411e+00 1.2634e-01
2.6961e+00 9.8220e-02
2.7512e+00 5.5443e-02
2.8062e+00 4.0694e-01
2.8612e+00 1.1276e-01
2.9162e+00 8.6452e-02
2.9713e+00 5.0940e-01
3.0263e+00 8.4552e-02
3.0813e+00 9.9960e-02
3.1363e+00 1.2616e-01
3.1913e+00 1.7950e-01
3.2464e+00 8.9788e-02
3.3014e+00 1.2481e-01
3.3564e+00 9.0446e-02
3.4114e+00 1.2324e-01
3.4665e+00 8.7790e-02
3.5215e+00 7.7961e-02
3.5765e+00 2.2576e-01
3.6315e+00 9.1766e-02
3.6866e+00 4.6844e-02
3.7416e+00 1.4256e-01
3.7966e+00 5.7478e-02
3.8516e+00 7.6491e-02
3.9066e+00 6.0626e-02
3.9617e+00 2.7554e+00
4.0167e+00 1.3147e-01
4.0717e+00 3.0370e-01
4.1267e+00 4.7555e-02
4.1818e+00 5.7787e-02
4.2368e+00 1.1652e-01
4.2918e+00 4.2549e-02
4.3468e+00 7.0743e-02
4.4019e+00 2.5662e-02
4.4569e+00 7.0835e-01
4.5119e+00 3.3457e-02
4.5669e+00 1.2086e-01
4.6220e+00 2.5552e-02
4.6770e+00 1.0289e-01
4.7320e+00 2.0023e-02
4.7870e+00 2.3441e-02
4.8420e+00 2.2569e-02
4.8971e+00 1.4396e-01
4.9521e+00 1.3520e-01
5.0071e+00 1.6746e-02
5.0621e+00 2.8476e-02
5.1172e+00 3.0933e-02
5.1722e+00 1.3135e-02
5.2272e+00 9.8027e-03
5.2822e+00 1.0747e-02
5.3373e+00 5.7549e-02
5.3923e+00 2.2223e-03
5.4473e+00 3.7410e-03
