-1.2666e+03 2.5875e+02 -1.0078e+03
-1.1902e+03 1.8854e+02 -1.0017e+03
-1.1026e+03 1.1217e+02 -9.9043e+02
-1.1259e+03 1.2666e+02 -9.9923e+02
-1.1314e+03 1.3469e+02 -9.9669e+02
-1.1358e+03 1.3783e+02 -9.9798e+02
-1.1291e+03 1.3356e+02 -9.9558e+02
-1.1244e+03 1.2973e+02 -9.9465e+02
-1.1188e+03 1.2530e+02 -9.9355e+02
-1.1163e+03 1.2215e+02 -9.9412e+02
-1.1115e+03 1.1787e+02 -9.9361e+02
-1.1072e+03 1.1382e+02 -9.9335e+02
-1.1031e+03 1.0954e+02 -9.9353e+02
-1.0963e+03 1.0337e+02 -9.9294e+02
-1.0919e+03 9.8551e+01 -9.9334e+02
-1.0884e+03 9.5391e+01 -9.9296e+02
-1.0871e+03 9.3858e+01 -9.9321e+02
-1.0850e+03 9.2075e+01 -9.9294e+02
-1.0844e+03 9.1242e+01 -9.9315e+02
-1.0845e+03 9.1425e+01 -9.9306e+02
-1.0860e+03 9.2753e+01 -9.9327e+02
-1.0874e+03 9.4437e+01 -9.9300e+02
-1.0903e+03 9.7150e+01 -9.9319e+02
-1.0906e+03 9.7485e+01 -9.9310e+02
-1.0897e+03 9.6708e+01 -9.9300e+02
-1.0898e+03 9.6721e+01 -9.9303e+02
-1.0919e+03 9.9020e+01 -9.9285e+02
-1.0972e+03 1.0369e+02 -9.9346e+02
-1.0976e+03 1.0436e+02 -9.9324e+02
-1.0974e+03 1.0462e+02 -9.9280e+02
-1.1039e+03 1.1067e+02 -9.9324e+02
-1.1106e+03 1.1688e+02 -9.9371e+02
-1.1113e+03 1.1818e+02 -9.9307e+02
-1.1156e+03 1.2117e+02 -9.9440e+02
-1.1118e+03 1.1811e+02 -9.9369e+02
-1.1087e+03 1.1538e+02 -9.9332e+02
-1.1113e+03 1.1639e+02 -9.9492e+02
-1.1053e+03 1.1194e+02 -9.9333e+02
-1.1104e+03 1.1578e+02 -9.9466e+02
-1.1122e+03 1.1747e+02 -9.9471e+02
-1.1079e+03 1.1357e+02 -9.9431e+02
-1.1069e+03 1.1194e+02 -9.9496e+02
-1.1032e+03 1.1037e+02 -9.9278e+02
-1.1142e+03 1.1874e+02 -9.9545e+02
-1.1173e+03 1.2294e+02 -9.9435e+02
-1.1182e+03 1.2380e+02 -9.9441e+02
-1.1160e+03 1.2080e+02 -9.9515e+02
-1.1040e+03 1.1099e+02 -9.9302e+02
-1.1038e+03 1.1060e+02 -9.9317e+02
-1.1067e+03 1.1386e+02 -9.9287e+02
-1.1120e+03 1.1819e+02 -9.9385e+02
-1.1035e+03 1.1036e+02 -9.9312e+02
-1.0982e+03 1.0653e+02 -9.9172e+02
-1.1105e+03 1.1638e+02 -9.9416e+02
-1.1106e+03 1.1798e+02 -9.9259e+02
-1.1067e+03 1.1345e+02 -9.9327e+02
-1.1008e+03 1.0780e+02 -9.9302e+02
-1.0994e+03 1.0677e+02 -9.9261e+02
-1.1012e+03 1.0820e+02 -9.9299e+02
-1.1006e+03 1.0747e+02 -9.9312e+02
-1.0972e+03 1.0435e+02 -9.9283e+02
-1.0979e+03 1.0563e+02 -9.9223e+02
-1.1030e+03 1.0941e+02 -9.9361e+02
-1.0999e+03 1.0856e+02 -9.9133e+02
-1.1082e+03 1.1477e+02 -9.9342e+02
-1.1098e+03 1.1656e+02 -9.9320e+02
-1.1058e+03 1.1347e+02 -9.9235e+02
-1.1028e+03 1.0962e+02 -9.9313e+02
-1.0969e+03 1.0446e+02 -9.9242e+02
-1.0982e+03 1.0557e+02 -9.9262e+02
-1.1040e+03 1.1145e+02 -9.9253e+02
-1.1112e+03 1.1802e+02 -9.9322e+02
-1.1080e+03 1.1542e+02 -9.9254e+02
-1.1053e+03 1.1363e+02 -9.9162e+02
-1.1127e+03 1.1987e+02 -9.9288e+02
-1.1131e+03 1.2009e+02 -9.9297e+02
-1.1073e+03 1.1509e+02 -9.9217e+02
-1.1073e+03 1.1412e+02 -9.9314e+02
-1.1045e+03 1.1211e+02 -9.9236e+02
-1.1057e+03 1.1279e+02 -9.9288e+02
-1.1078e+03 1.1469e+02 -9.9310e+02
-1.1072e+03 1.1404e+02 -9.9319e+02
-1.1026e+03 1.0949e+02 -9.9314e+02
-1.0998e+03 1.0726e+02 -9.9256e+02
-1.1054e+03 1.1181e+02 -9.9362e+02
-1.1052e+03 1.1258e+02 -9.9266e+02
-1.1084e+03 1.1461e+02 -9.9381e+02
-1.1090e+03 1.1643e+02 -9.9260e+02
-1.1135e+03 1.2002e+02 -9.9343e+02
-1.1118e+03 1.1828e+02 -9.9354e+02
-1.1028e+03 1.1088e+02 -9.9196e+02
-1.1099e+03 1.1619e+02 -9.9369e+02
-1.1117e+03 1.1833e+02 -9.9336e+02
-1.1109e+03 1.1767e+02 -9.9328e+02
-1.1080e+03 1.1487e+02 -9.9313e+02
-1.1026e+03 1.1098e+02 -9.9161e+02
-1.1110e+03 1.1706e+02 -9.9396e+02
-1.1089e+03 1.1664e+02 -9.9228e+02
-1.1109e+03 1.1859e+02 -9.9234e+02
-1.1130e+03 1.1979e+02 -9.9325e+02
