-1.2713e+03 2.6639e+02 -1.0049e+03
-1.2712e+03 2.6631e+02 -1.0049e+03
-1.2710e+03 2.6610e+02 -1.0049e+03
-1.2706e+03 2.6574e+02 -1.0049e+03
-1.2701e+03 2.6523e+02 -1.0049e+03
-1.2695e+03 2.6458e+02 -1.0049e+03
-1.2687e+03 2.6379e+02 -1.0049e+03
-1.2677e+03 2.6286e+02 -1.0049e+03
-1.2667e+03 2.6178e+02 -1.0049e+03
-1.2654e+03 2.6056e+02 -1.0049e+03
-1.2641e+03 2.5920e+02 -1.0049e+03
-1.2626e+03 2.5770e+02 -1.0049e+03
-1.2609e+03 2.5606e+02 -1.0049e+03
-1.2592e+03 2.5428e+02 -1.0049e+03
-1.2572e+03 2.5237e+02 -1.0049e+03
-1.2552e+03 2.5032e+02 -1.0049e+03
-1.2530e+03 2.4813e+02 -1.0049e+03
-1.2507e+03 2.4581e+02 -1.0049e+03
-1.2482e+03 2.4337e+02 -1.0049e+03
-1.2457e+03 2.4080e+02 -1.0049e+03
-1.2430e+03 2.3810e+02 -1.0049e+03
-1.2402e+03 2.3528e+02 -1.0049e+03
-1.2372e+03 2.3235e+02 -1.0049e+03
-1.2342e+03 2.2931e+02 -1.0049e+03
-1.2310e+03 2.2616e+02 -1.0049e+03
-1.2278e+03 2.2290e+02 -1.0049e+03
-1.2244e+03 2.1955e+02 -1.0049e+03
-1.2210e+03 2.1612e+02 -1.0049e+03
-1.2175e+03 2.1260e+02 -1.0049e+03
-1.2139e+03 2.0900e+02 -1.0049e+03
-1.2102e+03 2.0534e+02 -1.0049e+03
-1.2065e+03 2.0162e+02 -1.0049e+03
-1.2027e+03 1.9786e+02 -1.0049e+03
-1.1989e+03 1.9405e+02 -1.0049e+03
-1.1951e+03 1.9023e+02 -1.0049e+03
-1.1912e+03 1.8638e+02 -1.0049e+03
-1.1874e+03 1.8253e+02 -1.0049e+03
-1.1836e+03 1.7870e+02 -1.0049e+03
-1.1797e+03 1.7488e+02 -1.0049e+03
-1.1760e+03 1.7110e+02 -1.0049e+03
-1.1722e+03 1.6737e+02 -1.0049e+03
-1.1686e+03 1.6369e+02 -1.0049e+03
-1.1649e+03 1.6010e+02 -1.0048e+03
-1.1615e+03 1.5659e+02 -1.0049e+03
-1.1580e+03 1.5318e+02 -1.0049e+03
-1.1547e+03 1.4988e+02 -1.0049e+03
-1.1516e+03 1.4671e+02 -1.0049e+03
-1.1485e+03 1.4367e+02 -1.0049e+03
-1.1456e+03 1.4077e+02 -1.0048e+03
-1.1429e+03 1.3803e+02 -1.0049e+03
-1.1403e+03 1.3545e+02 -1.0049e+03
-1.1379e+03 1.3303e+02 -1.0048e+03
-1.1356e+03 1.3079e+02 -1.0048e+03
-1.1336e+03 1.2872e+02 -1.0049e+03
-1.1317e+03 1.2683e+02 -1.0049e+03
-1.1300e+03 1.2512e+02 -1.0049e+03
-1.1285e+03 1.2359e+02 -1.0049e+03
-1.1271e+03 1.2223e+02 -1.0049e+03
-1.1259e+03 1.2106e+02 -1.0049e+03
-1.1249e+03 1.2005e+02 -1.0049e+03
-1.1241e+03 1.1921e+02 -1.0048e+03
-1.1234e+03 1.1854e+02 -1.0049e+03
-1.1229e+03 1.1802e+02 -1.0049e+03
-1.1225e+03 1.1765e+02 -1.0048e+03
-1.1223e+03 1.1743e+02 -1.0048e+03
-1.1222e+03 1.1734e+02 -1.0048e+03
-1.1222e+03 1.1738e+02 -1.0049e+03
-1.1224e+03 1.1754e+02 -1.0049e+03
-1.1227e+03 1.1781e+02 -1.0049e+03
-1.1231e+03 1.1819e+02 -1.0049e+03
-1.1235e+03 1.1865e+02 -1.0049e+03
-1.1241e+03 1.1921e+02 -1.0049e+03
-1.1247e+03 1.1984e+02 -1.0049e+03
-1.1254e+03 1.2054e+02 -1.0049e+03
-1.1262e+03 1.2131e+02 -1.0049e+03
-1.1270e+03 1.2213e+02 -1.0049e+03
-1.1279e+03 1.2299e+02 -1.0049e+03
-1.1288e+03 1.2390e+02 -1.0049e+03
-1.1297e+03 1.2483e+02 -1.0049e+03
-1.1307e+03 1.2580e+02 -1.0049e+03
-1.1316e+03 1.2678e+02 -1.0049e+03
-1.1326e+03 1.2777e+02 -1.0049e+03
-1.1337e+03 1.2878e+02 -1.0049e+03
-1.1346e+03 1.2978e+02 -1.0049e+03
-1.1356e+03 1.3078e+02 -1.0049e+03
-1.1367e+03 1.3178e+02 -1.0049e+03
-1.1376e+03 1.3275e+02 -1.0049e+03
-1.1386e+03 1.3372e+02 -1.0049e+03
-1.1395e+03 1.3466e+02 -1.0049e+03
-1.1405e+03 1.3558e+02 -1.0049e+03
-1.1413e+03 1.3647e+02 -1.0049e+03
-1.1422e+03 1.3733e+02 -1.0049e+03
-1.1430e+03 1.3816e+02 -1.0049e+03
-1.1438e+03 1.3895e+02 -1.0049e+03
-1.1446e+03 1.3971e+02 -1.0049e+03
-1.1453e+03 1.4043e+02 -1.0049e+03
-1.1460e+03 1.4111e+02 -1.0049e+03
-1.1466e+03 1.4175e+02 -1.0049e+03
-1.1472e+03 1.4234e+02 -1.0049e+03
-1.1478e+03 1.4290e+02 -1.0049e+03
