-1.2713e+03 2.6639e+02 -1.0049e+03
-1.2640e+03 2.5909e+02 -1.0049e+03
-1.2425e+03 2.3769e+02 -1.0048e+03
-1.2091e+03 2.0462e+02 -1.0045e+03
-1.1704e+03 1.6667e+02 -1.0038e+03
-1.1383e+03 1.3520e+02 -1.0031e+03
-1.1226e+03 1.1946e+02 -1.0032e+03
-1.1228e+03 1.1916e+02 -1.0036e+03
-1.1313e+03 1.2728e+02 -1.0041e+03
-1.1411e+03 1.3679e+02 -1.0043e+03
-1.1478e+03 1.4349e+02 -1.0043e+03
-1.1503e+03 1.4602e+02 -1.0043e+03
-1.1490e+03 1.4478e+02 -1.0042e+03
-1.1451e+03 1.4107e+02 -1.0040e+03
-1.1407e+03 1.3673e+02 -1.0039e+03
-1.1373e+03 1.3343e+02 -1.0039e+03
-1.1357e+03 1.3180e+02 -1.0039e+03
-1.1355e+03 1.3148e+02 -1.0040e+03
-1.1358e+03 1.3176e+02 -1.0040e+03
-1.1360e+03 1.3206e+02 -1.0040e+03
-1.1361e+03 1.3217e+02 -1.0040e+03
-1.1360e+03 1.3205e+02 -1.0040e+03
-1.1355e+03 1.3152e+02 -1.0040e+03
-1.1344e+03 1.3046e+02 -1.0040e+03
-1.1330e+03 1.2905e+02 -1.0039e+03
-1.1316e+03 1.2770e+02 -1.0039e+03
-1.1307e+03 1.2676e+02 -1.0039e+03
-1.1301e+03 1.2624e+02 -1.0039e+03
-1.1296e+03 1.2567e+02 -1.0039e+03
-1.1284e+03 1.2440e+02 -1.0040e+03
-1.1259e+03 1.2196e+02 -1.0040e+03
-1.1223e+03 1.1835e+02 -1.0039e+03
-1.1180e+03 1.1412e+02 -1.0039e+03
-1.1141e+03 1.1035e+02 -1.0038e+03
-1.1121e+03 1.0833e+02 -1.0037e+03
-1.1125e+03 1.0870e+02 -1.0038e+03
-1.1149e+03 1.1101e+02 -1.0038e+03
-1.1180e+03 1.1409e+02 -1.0039e+03
-1.1207e+03 1.1676e+02 -1.0039e+03
-1.1223e+03 1.1831e+02 -1.0039e+03
-1.1225e+03 1.1861e+02 -1.0039e+03
-1.1219e+03 1.1798e+02 -1.0039e+03
-1.1208e+03 1.1691e+02 -1.0039e+03
-1.1195e+03 1.1568e+02 -1.0039e+03
-1.1182e+03 1.1429e+02 -1.0039e+03
-1.1164e+03 1.1256e+02 -1.0039e+03
-1.1144e+03 1.1049e+02 -1.0039e+03
-1.1121e+03 1.0828e+02 -1.0038e+03
-1.1101e+03 1.0627e+02 -1.0038e+03
-1.1086e+03 1.0472e+02 -1.0038e+03
-1.1075e+03 1.0369e+02 -1.0038e+03
-1.1070e+03 1.0315e+02 -1.0039e+03
-1.1068e+03 1.0290e+02 -1.0039e+03
-1.1065e+03 1.0261e+02 -1.0039e+03
-1.1060e+03 1.0215e+02 -1.0039e+03
-1.1056e+03 1.0179e+02 -1.0039e+03
-1.1058e+03 1.0190e+02 -1.0039e+03
-1.1063e+03 1.0244e+02 -1.0039e+03
-1.1069e+03 1.0303e+02 -1.0039e+03
-1.1073e+03 1.0338e+02 -1.0039e+03
-1.1073e+03 1.0342e+02 -1.0039e+03
-1.1071e+03 1.0321e+02 -1.0039e+03
-1.1067e+03 1.0280e+02 -1.0039e+03
-1.1062e+03 1.0238e+02 -1.0039e+03
-1.1062e+03 1.0240e+02 -1.0038e+03
-1.1071e+03 1.0329e+02 -1.0038e+03
-1.1090e+03 1.0511e+02 -1.0038e+03
-1.1112e+03 1.0731e+02 -1.0039e+03
-1.1129e+03 1.0895e+02 -1.0040e+03
-1.1133e+03 1.0931e+02 -1.0040e+03
-1.1123e+03 1.0843e+02 -1.0039e+03
-1.1108e+03 1.0692e+02 -1.0039e+03
-1.1094e+03 1.0553e+02 -1.0038e+03
-1.1085e+03 1.0471e+02 -1.0038e+03
-1.1083e+03 1.0449e+02 -1.0039e+03
-1.1085e+03 1.0457e+02 -1.0039e+03
-1.1085e+03 1.0459e+02 -1.0039e+03
-1.1083e+03 1.0442e+02 -1.0039e+03
-1.1080e+03 1.0410e+02 -1.0039e+03
-1.1075e+03 1.0355e+02 -1.0039e+03
-1.1065e+03 1.0263e+02 -1.0039e+03
-1.1052e+03 1.0134e+02 -1.0039e+03
-1.1039e+03 1.0005e+02 -1.0039e+03
-1.1030e+03 9.9186e+01 -1.0038e+03
-1.1028e+03 9.8982e+01 -1.0039e+03
-1.1033e+03 9.9445e+01 -1.0038e+03
-1.1045e+03 1.0062e+02 -1.0038e+03
-1.1064e+03 1.0250e+02 -1.0039e+03
-1.1087e+03 1.0483e+02 -1.0039e+03
-1.1110e+03 1.0705e+02 -1.0039e+03
-1.1127e+03 1.0873e+02 -1.0039e+03
-1.1137e+03 1.0975e+02 -1.0039e+03
-1.1142e+03 1.1028e+02 -1.0039e+03
-1.1145e+03 1.1063e+02 -1.0039e+03
-1.1151e+03 1.1122e+02 -1.0038e+03
-1.1163e+03 1.1242e+02 -1.0039e+03
-1.1181e+03 1.1419e+02 -1.0039e+03
-1.1198e+03 1.1586e+02 -1.0040e+03
-1.1205e+03 1.1645e+02 -1.0040e+03
-1.1194e+03 1.1534e+02 -1.0040e+03
