-1.2713e+03 2.6639e+02 -1.0049e+03
-1.1985e+03 1.9736e+02 -1.0012e+03
-1.1083e+03 1.2090e+02 -9.8738e+02
-1.1379e+03 1.4181e+02 -9.9608e+02
-1.1392e+03 1.4482e+02 -9.9438e+02
-1.1283e+03 1.3580e+02 -9.9253e+02
-1.1286e+03 1.3531e+02 -9.9331e+02
-1.1283e+03 1.3500e+02 -9.9329e+02
-1.1242e+03 1.3183e+02 -9.9235e+02
-1.1230e+03 1.3006e+02 -9.9295e+02
-1.1151e+03 1.2240e+02 -9.9270e+02
-1.1028e+03 1.1217e+02 -9.9061e+02
-1.1097e+03 1.1708e+02 -9.9264e+02
-1.1127e+03 1.2009e+02 -9.9259e+02
-1.1088e+03 1.1696e+02 -9.9181e+02
-1.1060e+03 1.1377e+02 -9.9226e+02
-1.1004e+03 1.0850e+02 -9.9192e+02
-1.0972e+03 1.0511e+02 -9.9208e+02
-1.0954e+03 1.0356e+02 -9.9183e+02
-1.0958e+03 1.0320e+02 -9.9260e+02
-1.0929e+03 1.0080e+02 -9.9209e+02
-1.0922e+03 1.0074e+02 -9.9147e+02
-1.0986e+03 1.0562e+02 -9.9301e+02
-1.0971e+03 1.0513e+02 -9.9194e+02
-1.0955e+03 1.0348e+02 -9.9205e+02
-1.0946e+03 1.0296e+02 -9.9162e+02
-1.0964e+03 1.0350e+02 -9.9286e+02
-1.0904e+03 9.8561e+01 -9.9188e+02
-1.0882e+03 9.7092e+01 -9.9115e+02
-1.0974e+03 1.0445e+02 -9.9294e+02
-1.0991e+03 1.0698e+02 -9.9208e+02
-1.1011e+03 1.0915e+02 -9.9199e+02
-1.1048e+03 1.1238e+02 -9.9245e+02
-1.1034e+03 1.1125e+02 -9.9210e+02
-1.1022e+03 1.0975e+02 -9.9249e+02
-1.1002e+03 1.0775e+02 -9.9240e+02
-1.0984e+03 1.0709e+02 -9.9126e+02
-1.1074e+03 1.1462e+02 -9.9273e+02
-1.1111e+03 1.1835e+02 -9.9279e+02
-1.1064e+03 1.1381e+02 -9.9261e+02
-1.0981e+03 1.0662e+02 -9.9148e+02
-1.0994e+03 1.0734e+02 -9.9211e+02
-1.1060e+03 1.1333e+02 -9.9269e+02
-1.1091e+03 1.1713e+02 -9.9201e+02
-1.1135e+03 1.2120e+02 -9.9235e+02
-1.1152e+03 1.2228e+02 -9.9295e+02
-1.1081e+03 1.1609e+02 -9.9205e+02
-1.1035e+03 1.1270e+02 -9.9084e+02
-1.1149e+03 1.2152e+02 -9.9338e+02
-1.1149e+03 1.2286e+02 -9.9203e+02
-1.1117e+03 1.1876e+02 -9.9297e+02
-1.1033e+03 1.1172e+02 -9.9156e+02
-1.1007e+03 1.0862e+02 -9.9208e+02
-1.1011e+03 1.0945e+02 -9.9165e+02
-1.1076e+03 1.1465e+02 -9.9298e+02
-1.1040e+03 1.1177e+02 -9.9222e+02
-1.0994e+03 1.0774e+02 -9.9162e+02
-1.1013e+03 1.0909e+02 -9.9218e+02
-1.0993e+03 1.0703e+02 -9.9228e+02
-1.0964e+03 1.0495e+02 -9.9141e+02
-1.1021e+03 1.0941e+02 -9.9270e+02
-1.1003e+03 1.0868e+02 -9.9162e+02
-1.1012e+03 1.0939e+02 -9.9182e+02
-1.1053e+03 1.1285e+02 -9.9242e+02
-1.1040e+03 1.1223e+02 -9.9176e+02
-1.1061e+03 1.1398e+02 -9.9209e+02
-1.1075e+03 1.1435e+02 -9.9312e+02
-1.0949e+03 1.0348e+02 -9.9141e+02
-1.0919e+03 1.0048e+02 -9.9145e+02
-1.1018e+03 1.0907e+02 -9.9276e+02
-1.1038e+03 1.1118e+02 -9.9265e+02
-1.0996e+03 1.0816e+02 -9.9147e+02
-1.1062e+03 1.1396e+02 -9.9219e+02
-1.1122e+03 1.1826e+02 -9.9396e+02
-1.0995e+03 1.0863e+02 -9.9091e+02
-1.1031e+03 1.1056e+02 -9.9254e+02
-1.1095e+03 1.1671e+02 -9.9277e+02
-1.1079e+03 1.1552e+02 -9.9234e+02
-1.1042e+03 1.1318e+02 -9.9104e+02
-1.1112e+03 1.1808e+02 -9.9310e+02
-1.1072e+03 1.1488e+02 -9.9235e+02
-1.0988e+03 1.0694e+02 -9.9185e+02
-1.0974e+03 1.0501e+02 -9.9240e+02
-1.0992e+03 1.0723e+02 -9.9194e+02
-1.1027e+03 1.1049e+02 -9.9220e+02
-1.1056e+03 1.1287e+02 -9.9275e+02
-1.1028e+03 1.1047e+02 -9.9231e+02
-1.0979e+03 1.0568e+02 -9.9220e+02
-1.0958e+03 1.0459e+02 -9.9125e+02
-1.1053e+03 1.1271e+02 -9.9263e+02
-1.1077e+03 1.1522e+02 -9.9250e+02
-1.1012e+03 1.0994e+02 -9.9128e+02
-1.1006e+03 1.0849e+02 -9.9214e+02
-1.0964e+03 1.0437e+02 -9.9207e+02
-1.0902e+03 9.8601e+01 -9.9158e+02
-1.0893e+03 9.7926e+01 -9.9138e+02
-1.0950e+03 1.0296e+02 -9.9207e+02
-1.0965e+03 1.0386e+02 -9.9264e+02
-1.0905e+03 9.9313e+01 -9.9114e+02
-1.0926e+03 1.0092e+02 -9.9164e+02
