0.0000e+00 0.0000e+00
5.5084e-02 0.0000e+00
1.1017e-01 0.0000e+00
1.6525e-01 0.0000e+00
2.2034e-01 0.0000e+00
2.7542e-01 0.0000e+00
3.3051e-01 0.0000e+00
3.8559e-01 0.0000e+00
4.4068e-01 0.0000e+00
4.9576e-01 0.0000e+00
5.5084e-01 0.0000e+00
6.0593e-01 0.0000e+00
6.6101e-01 0.0000e+00
7.1610e-01 0.0000e+00
7.7118e-01 0.0000e+00
8.2627e-01 4.0000e+00
8.8135e-01 5.1000e+02
9.3644e-01 3.5300e+02
9.9152e-01 6.7000e+01
1.0466e+00 3.3000e+01
1.1017e+00 3.3000e+01
1.1568e+00 2.5000e+01
1.2119e+00 5.3000e+01
1.2669e+00 7.1000e+01
1.3220e+00 9.9000e+01
1.3771e+00 9.4000e+01
1.4322e+00 1.0600e+02
1.4873e+00 2.2600e+02
1.5424e+00 3.2400e+02
1.5974e+00 3.8300e+02
1.6525e+00 2.6700e+02
1.7076e+00 2.2800e+02
1.7627e+00 4.1300e+02
1.8178e+00 3.3500e+02
1.8729e+00 2.1200e+02
1.9280e+00 1.5000e+02
1.9830e+00 1.3600e+02
2.0381e+00 1.6800e+02
2.0932e+00 2.5100e+02
2.1483e+00 2.7300e+02
2.2034e+00 3.4700e+02
2.2585e+00 3.8800e+02
2.3135e+00 4.6800e+02
2.3686e+00 5.4200e+02
2.4237e+00 4.6800e+02
2.4788e+00 4.5900e+02
2.5339e+00 4.0200e+02
2.5890e+00 3.7500e+02
2.6441e+00 3.9300e+02
2.6991e+00 4.2300e+02
2.7542e+00 3.6000e+02
2.8093e+00 3.6700e+02
2.8644e+00 3.7000e+02
2.9195e+00 4.2900e+02
2.9746e+00 5.6600e+02
3.0296e+00 6.0400e+02
3.0847e+00 6.0400e+02
3.1398e+00 6.2400e+02
3.1949e+00 5.3900e+02
3.2500e+00 5.6200e+02
3.3051e+00 4.5900e+02
3.3602e+00 3.9700e+02
3.4152e+00 3.3000e+02
3.4703e+00 3.7500e+02
3.5254e+00 3.6800e+02
3.5805e+00 3.7000e+02
3.6356e+00 3.4100e+02
3.6907e+00 3.1100e+02
3.7457e+00 2.9300e+02
3.8008e+00 3.1700e+02
3.8559e+00 2.7100e+02
3.9110e+00 2.6300e+02
3.9661e+00 2.5200e+02
4.0212e+00 2.3500e+02
4.0763e+00 1.6700e+02
4.1313e+00 1.3900e+02
4.1864e+00 1.5000e+02
4.2415e+00 1.4800e+02
4.2966e+00 9.3000e+01
4.3517e+00 1.0100e+02
4.4068e+00 8.9000e+01
4.4618e+00 6.0000e+01
4.5169e+00 5.6000e+01
4.5720e+00 4.4000e+01
4.6271e+00 3.2000e+01
4.6822e+00 4.4000e+01
4.7373e+00 2.1000e+01
4.7923e+00 1.8000e+01
4.8474e+00 1.8000e+01
4.9025e+00 5.0000e+00
4.9576e+00 6.0000e+00
5.0127e+00 9.0000e+00
5.0678e+00 5.0000e+00
5.1229e+00 3.0000e+00
5.1779e+00 2.0000e+00
5.2330e+00 2.0000e+00
5.2881e+00 2.0000e+00
5.3432e+00 0.0000e+00
5.3983e+00 0.0000e+00
5.4534e+00 0.0000e+00
